Data Analysis Run
	ROI:	[2300 2900 1200 2000]
	ROIbox:	[ 2299.5  2899.5  1199.5  1999.5]
	SOI:	[2000 3200  800 2400]
	extent:	[ 1999.5  3199.5   799.5  2399.5]
	high:	255
	ind:	[ 300  900  400 1200]
	low:	15

Checking/finding image files...
Number of files found*:	801
Number of errors:      	3
*Excluding duplicates.

Errors:
run	key1	key2	start	stop	serial numumber	number found
1	room	main	67	73	67	0
1	cryo	main	121	129	125	0
2	grid	cryo	556	565	560	0
Run	Type	Set	Current	Serial Num.	Mean x	Std. Dev. x	Mean y	Std. Dev. y
1	room	main	0.0	49	2558.137845005344	40.74686661073384	1456.1653394427142	105.7152016890071
1	room	main	0.0	50	2563.0120697083767	40.849032224519426	1456.2838564107217	104.92201053228682
1	room	main	0.0	51	2560.231793510286	39.83693949688514	1457.8497845928216	104.68607392079052
1	room	main	0.108	52	2568.610167012801	39.407903820975626	1451.8049153902352	103.60088567515469
1	room	main	0.108	53	2570.6248749592314	39.29220347054354	1451.7637801251672	104.13458969061614
1	room	main	0.108	54	2567.9837970862523	38.494207984655475	1452.8706132458879	104.93292929465794
1	room	main	0.108	55	2568.5926236306323	38.65330508224757	1452.743077424259	104.43466646172759
1	room	main	0.108	56	2568.166793908942	38.278846636547115	1453.7089177600626	104.29837332133268
1	room	main	0.206	57	2581.143598250316	37.0913886688234	1449.0328368072994	102.90124879019234
1	room	main	0.206	58	2581.8917797099716	36.75215949159582	1448.8089617943508	102.41806892054085
1	room	main	0.206	59	2582.3385019773377	36.829324867573554	1449.2427509079741	102.4575849421099
1	room	main	0.206	60	2579.894609144953	36.55317544319415	1446.3498300157808	102.66081856104917
1	room	main	0.206	61	2579.591080949016	36.587985703477095	1450.2546052201258	102.40786137214508
1	room	main	0.31	62	2596.3414432909067	35.32517540179786	1447.818313600295	100.71878851042787
1	room	main	0.31	63	2595.705372237425	35.123131787244084	1446.9856327650725	100.1394922872093
1	room	main	0.31	64	2593.794209392177	34.606488276312675	1446.8302331128775	100.62494093399172
1	room	main	0.31	65	2595.619300760562	34.90673483579471	1447.1634330473319	100.44131532516182
1	room	main	0.31	66	2593.0084298094953	34.241892904591424	1446.1424140705255	100.2661956324366
1	room	main	0.403	68	2607.8404687817015	34.35742811630476	1448.6643465019451	98.88715439469414
1	room	main	0.403	69	2608.6042546338626	34.740247634217745	1448.690557725875	98.08671104371052
1	room	main	0.403	70	2607.387419602214	34.39128643327446	1448.3272251308902	98.09431812080742
1	room	main	0.403	71	2607.136704654783	34.243044435998456	1447.402986944859	98.70974459674218
1	room	main	0.403	72	2608.7473541862655	34.111508395411875	1447.9010108688349	98.13288156074955
1	room	main	0.5	73	2617.011421981893	33.13367044259028	1448.6948384957138	97.21416156872996
1	room	main	0.5	74	2618.556507586502	33.33906732564667	1450.9828987567973	97.57055968185259
1	room	main	0.5	75	2620.252962059054	33.28606600330123	1453.2639583692865	97.19415074161329
1	room	main	0.5	76	2618.9028445119093	33.08613437252854	1451.3900794358754	96.78340317261254
1	room	main	0.5	77	2618.0724720345006	33.26307291404982	1450.16112161706	97.68221571044114
1	room	main	0.61	78	2631.857267400572	31.215521157500657	1456.4175310510618	96.61232123552556
1	room	main	0.61	79	2631.356707534939	31.01782094519788	1455.7245080145262	96.60674136257674
1	room	main	0.61	80	2632.1909466888123	30.509176902186844	1456.6574356930378	96.59288874292895
1	room	main	0.61	81	2631.319106099098	30.904185426175125	1456.4562677435324	96.7923740620723
1	room	main	0.61	82	2628.791767591742	31.107318369429215	1456.4359831352756	96.60911001648293
1	room	main	0.71	83	2638.304065466433	28.643133406616744	1459.1355805181317	96.67153819615946
1	room	main	0.71	84	2641.3144403648184	28.420846076511157	1460.719676814591	95.85371961755459
1	room	main	0.71	85	2640.6570659915437	28.63920367908486	1460.0304048029147	96.26253809788881
1	room	main	0.71	86	2641.0536921693565	28.11150499244965	1460.5900774049048	96.08380979053601
1	room	main	0.71	87	2640.467458804722	28.46529118058126	1458.983708622543	96.55503051731645
1	room	main	0.803	88	2647.1760835168748	26.142903992752636	1464.2216776600112	96.93108873249204
1	room	main	0.803	89	2648.251504145981	25.805231112328254	1466.6998069310528	95.90173428225296
1	room	main	0.803	90	2647.8474079764574	25.99778071457049	1466.6182826755785	95.89430140024365
1	room	main	0.803	91	2649.410823611563	25.92382800008756	1468.984844072351	95.78004461028006
1	room	main	0.803	92	2648.039821506303	25.837455938028267	1465.9099706840664	96.441871532901
1	room	main	0.9	92	2648.039821506303	25.837455938028267	1465.9099706840664	96.441871532901
1	room	main	0.9	93	2654.414688248713	24.05823649264898	1471.419796407323	96.01229608756658
1	room	main	0.9	94	2654.7474271481706	23.690387002290155	1472.1519077916573	95.66359156329209
1	room	main	0.9	95	2655.35814921336	22.82360733654259	1473.1084493858755	95.56585475885831
1	room	main	0.9	96	2654.967138188884	24.057741680814182	1473.9968573363165	95.54363722047857
1	room	main	0.9	97	2655.2050035235243	23.12211688039374	1471.9340832696396	95.73196539149583
1	room	main	1.0	98	2659.976670780283	23.480695455504158	1480.8429040122805	93.22325860490402
1	room	main	1.0	99	2661.0768771992603	23.221715546432737	1481.0701337945568	95.08588040938227
1	room	main	1.0	100	2661.0780624559898	22.170040102973537	1478.9370224767758	95.83834568973093
1	room	main	1.0	101	2660.1071303825206	22.890928366895867	1482.1831993740109	95.04365738539464
1	room	main	1.0	102	2659.4687059076555	21.045284166049875	1479.2844956252977	94.06674958930502
1	room	main	1.1	103	2665.8618682308647	25.333505277498002	1493.901805372083	92.55941396547001
1	room	main	1.1	104	2666.829154993869	30.003837070958337	1500.5602540120115	91.53486174089062
1	room	main	1.1	105	2666.4232372613196	27.12585191325186	1497.3055357905223	89.36666984759223
1	room	main	1.1	106	2665.658078226148	27.600869172695933	1497.834155121302	92.1008853585899
1	room	main	1.1	107	2665.9810277536862	28.097586327507823	1494.9225521129288	92.25285129177985
1	room	main	1.372	108	2657.842778793419	192.44483280336726	1617.3462065813528	193.73022131577162
1	room	main	1.372	109	2666.043771043771	184.27177632558534	1645.584656084656	203.32733514977718
1	room	main	1.372	110	2684.002459419577	178.7178759589005	1633.5474667978358	208.78322291531688
1	cryo	trapped	0.0	201	2567.7282237800528	38.77630267882555	1504.4546648546298	110.78015112317804
1	cryo	trapped	0.0	202	2568.1929381960576	39.48864667455734	1507.745356107762	109.63537891913373
1	cryo	trapped	0.0	203	2568.5867052326744	40.309988086191254	1501.9783031190143	111.64929562444985
1	cryo	trapped	0.0	204	2568.2819399753457	38.70461844737584	1505.5242037744113	109.36935613924233
1	cryo	trapped	0.0	205	2567.6953401074366	39.4997751353557	1502.1768526308977	110.14709009751769
1	cryo	main	0.0	111	2553.416678247028	51.77159747055131	1512.276013492174	117.07964481441537
1	cryo	main	0.0	112	2552.6776705290895	46.981128347357604	1509.4583282802112	113.06451290861486
1	cryo	main	0.0	113	2551.2556365811406	41.22094960675612	1514.1937341362202	108.46966323899802
1	cryo	main	0.0	114	2558.995402138432	42.00060959838848	1498.4394485667542	111.13153471081812
1	cryo	main	0.0	115	2558.7556484103543	40.78179423105638	1504.3003341664403	109.90914765988344
1	cryo	main	0.101	116	2558.146118603467	44.296306554865815	1504.4231873422104	111.69196283749694
1	cryo	main	0.101	117	2556.368497680092	39.71995753182732	1506.019752104659	109.74021030736591
1	cryo	main	0.101	118	2555.524119599536	40.712411470457596	1506.8966834876003	108.67814103755923
1	cryo	main	0.101	119	2553.8467872553115	42.034095717592336	1513.505058269749	109.4101687913941
1	cryo	main	0.101	120	2557.967292736844	40.812131906536	1513.5346268229457	106.47317696229035
1	cryo	main	0.2	121	2561.2625107803897	43.53153524167143	1503.5466549990997	113.62484018689686
1	cryo	main	0.2	122	2555.1760634112143	42.603438308647235	1507.5057072954373	110.71635011292032
1	cryo	main	0.2	123	2552.19796817939	40.77966123785893	1512.926630782832	108.27283799292863
1	cryo	main	0.2	124	2552.0527072697205	42.61038458941363	1517.8636723167535	108.55109175352996
1	cryo	main	0.2	126	2555.8721516610094	41.18688259871517	1512.741444549552	109.96831073812402
1	cryo	main	0.2	127	2553.82337560237	40.702917878377654	1511.7695488229215	107.10798153299064
1	cryo	main	0.2	128	2555.4839358984286	41.23090213552832	1508.9436339707363	110.48947430810153
1	cryo	main	0.29	129	2555.363774292483	42.3445362303888	1511.6145203315991	108.69688863900787
1	cryo	main	0.29	130	2554.2855180578863	42.2562988658202	1511.134997356261	109.17262602922119
1	cryo	main	0.29	131	2556.494820644619	41.50409278069261	1510.8122754331296	110.40885422384642
1	cryo	main	0.29	132	2558.6095224439687	41.46186989017434	1509.318042100924	108.4028611048652
1	cryo	main	0.29	133	2541.4837924395983	43.55374413246993	1532.1538657387762	104.61207635296324
1	cryo	main	0.443	134	2553.3234563396923	41.32330342827683	1509.978178532958	109.1277820047103
1	cryo	main	0.443	135	2556.5105250219945	40.834956106192244	1511.6512316928013	109.77648196687497
1	cryo	main	0.443	136	2555.5984563826546	41.74121168976547	1510.990444424698	109.17446901235557
1	cryo	main	0.443	137	2556.279799171824	39.26678566889637	1506.3170941171877	110.80296863635218
1	cryo	main	0.443	138	2556.120103505556	39.442858596587456	1508.74919094922	110.89313077257306
1	cryo	main	0.524	139	2561.1873321387584	41.55356660614638	1514.429632164932	108.06482944459586
1	cryo	main	0.524	140	2559.5398123789832	40.27986055636938	1507.8110026369543	108.81225741478026
1	cryo	main	0.524	141	2560.8822388762133	40.45270756228793	1505.7390489750449	108.99274386244402
1	cryo	main	0.524	142	2554.986054206575	39.364040853644944	1517.5997942978554	105.3524607658745
1	cryo	main	0.524	143	2553.443067169442	42.88879581771651	1515.8226133763187	108.54738913965379
1	cryo	main	0.687	144	2551.641497913543	42.024246077230266	1516.9789873006123	109.51993538397396
1	cryo	main	0.687	145	2556.489147203387	40.69534215533103	1512.865981415707	109.97916846508447
1	cryo	main	0.687	146	2558.999671361811	40.44578322029725	1505.4362902006665	111.23511545402704
1	cryo	main	0.687	147	2557.543412190487	41.356880110364	1508.6518710524845	110.85314089965279
1	cryo	main	0.687	148	2554.590148077035	38.71119498318564	1518.593479083028	105.9111539907938
1	cryo	main	0.845	149	2561.4565581214692	41.25832962619449	1504.2615080566393	111.20641269131055
1	cryo	main	0.845	150	2554.4749011079334	39.6660834421084	1512.6373649331301	110.15072202786735
1	cryo	main	0.845	151	2558.45624623856	40.11254246113632	1512.015858576775	108.70134893563926
1	cryo	main	0.845	152	2561.1424820138222	39.264343061824384	1505.3158734906567	109.69902303887952
1	cryo	main	0.845	153	2562.603695235971	38.81288687840761	1510.410357069834	108.85838452141574
1	cryo	main	0.845	154	2560.695399230316	39.602266656122495	1509.208421454079	108.76653630970621
1	cryo	main	1.06	155	2563.562897138938	38.52411302546432	1496.059629382314	111.56838688168611
1	cryo	main	1.06	156	2564.6075851108444	39.334534009009126	1505.9626998550523	112.07816108603218
1	cryo	main	1.06	157	2561.4599908608566	38.86166259854917	1506.042690589221	110.49762103277041
1	cryo	main	1.06	158	2563.851415585529	38.47547532076619	1501.9711033114042	110.9130232856539
1	cryo	main	1.509	159	2568.4956819811664	38.399793033646304	1499.5950642511234	108.19285727097203
1	cryo	main	1.509	160	2565.8741622305097	37.27098120585283	1508.112181244052	107.44304803497063
1	cryo	main	1.509	161	2564.6763241910717	39.403474301883904	1506.2143828973246	111.0319238294459
1	cryo	main	1.509	162	2568.821241461828	37.95757012924706	1500.1067939454485	110.21443645775786
1	cryo	main	1.509	163	2564.835658606106	36.534102117479506	1500.5256616641568	109.0048854703264
1	cryo	main	1.509	164	2562.667436903356	39.6970378064144	1512.5909677560885	109.36735902927046
1	cryo	main	2.011	165	2567.2459486157213	36.60849408083216	1499.081531976494	109.69432770218997
1	cryo	main	2.011	166	2570.5434061739957	36.13380598576265	1494.5632001681176	110.86383772531241
1	cryo	main	2.011	167	2542.297201920487	50.59980531748546	1553.0828372693418	98.36192549981588
1	cryo	main	2.011	168	2567.948125255117	36.14372284268717	1501.2218438392908	108.30274070571801
1	cryo	main	2.011	169	2568.097075026811	36.88001096922392	1496.3785012266965	110.26663233448721
1	cryo	main	2.599	170	2570.583741691762	36.20313317827341	1493.6925538333082	108.26151917779157
1	cryo	main	2.599	171	2575.6088140230777	38.050821579848254	1492.9131024859785	109.40227132420127
1	cryo	main	2.599	172	2575.702186658001	35.2977222471524	1491.7500169245975	108.47231066500315
1	cryo	main	2.599	173	2573.6098326359834	36.8152236778527	1494.6257334199008	109.68414378285775
1	cryo	main	2.599	174	2569.2209407521464	37.45154415245242	1497.1801790197053	111.4537210875914
1	cryo	main	3.028	175	2578.0548638092614	35.182530001687596	1488.4948909352343	108.79094701846029
1	cryo	main	3.028	176	2576.526790916153	35.37246464220439	1497.034926202845	107.13628964847906
1	cryo	main	3.028	177	2579.483347972671	35.399360718116405	1491.8540948944653	107.67690789493514
1	cryo	main	3.028	178	2577.2455555653264	35.76112354371542	1493.5424511295387	110.74983419362304
1	cryo	main	3.028	179	2575.239375918651	36.013990151457804	1495.4240772415087	108.75788598251098
1	cryo	main	3.548	180	2583.466044281017	35.30474419606669	1488.6207569460296	108.1538237279807
1	cryo	main	3.548	181	2583.1899347966328	34.923856961502565	1489.7727478714273	107.01478094628821
1	cryo	main	3.548	182	2582.285173790605	35.891165402092184	1484.9650907264395	108.00000887043755
1	cryo	main	3.548	183	2580.42396398052	34.49180378896205	1488.8034234948761	107.12717973441274
1	cryo	main	3.548	184	2583.1691944343224	35.74858028309811	1491.182719948176	107.93365209569633
1	cryo	main	4.095	185	2582.071273535565	33.63472231573397	1480.7604384588562	106.87035123487072
1	cryo	main	4.095	186	2583.4802272331553	33.75451838510315	1481.5747266048656	108.7642677949031
1	cryo	main	4.095	187	2588.529076147547	34.453880918207766	1483.72355471807	105.37654829185469
1	cryo	main	4.095	188	2587.9364442885067	33.807641359219375	1481.8772645154543	106.1983379215809
1	cryo	main	4.095	189	2588.922449554907	33.944940181461064	1483.7176484311776	106.01148041760926
1	cryo	main	4.65	191	2588.480045858365	33.56241612444996	1480.325232784622	105.91926038253209
1	cryo	main	4.65	192	2591.112282864204	33.43471073361035	1481.2312263292572	106.65740210239764
1	cryo	main	4.65	193	2587.643471979775	33.935159436449865	1482.9492673551695	107.11992464007514
1	cryo	main	4.65	194	2591.995559330035	33.92509092086754	1486.361251625623	103.87138925605339
1	cryo	main	4.65	195	2586.456208712786	34.142345781955804	1485.0098141996439	106.40779534319385
1	cryo	main	4.966	196	2590.930006126935	34.49086173495694	1480.2319896488073	105.93537962102147
1	cryo	main	4.966	197	2595.876959852276	33.86562275416324	1480.2337467695902	104.60509689992548
1	cryo	main	4.966	198	2595.933165031705	34.30427221596284	1479.899421802471	104.4669994524201
1	cryo	main	4.966	199	2597.3117619379323	34.21934009382321	1479.8637928093979	104.34021836647467
1	cryo	main	4.966	200	2594.40656908174	33.70737865752546	1480.8007221693722	105.370677789507
2	room	pos main	0.0	219	2538.7996118562837	25.75412444055238	1505.97322337917	94.20290244070928
2	room	pos main	0.0	220	2540.6443467909053	25.19907482356249	1506.8836216398936	93.76443880300891
2	room	pos main	0.0	221	2540.145701876865	25.34783820240412	1508.3569721010579	94.72240467128137
2	room	pos main	0.0	222	2539.691498551665	25.214063764241928	1507.9246665685391	94.80754793683953
2	room	pos main	0.0	223	2537.507663827814	25.83150403905834	1505.9409100918613	94.874079806231
2	room	pos main	0.0	224	2539.294015743096	25.309530293582824	1506.5375164391771	94.41229312666229
2	room	pos main	0.049	225	2545.2493488934606	25.402246042905016	1505.793366430842	93.41199560284299
2	room	pos main	0.049	226	2547.782467170245	25.483687909395936	1500.6669999622527	91.61624588449806
2	room	pos main	0.049	227	2545.236563318994	25.498725586536178	1502.4081033522377	92.86239818727613
2	room	pos main	0.049	228	2540.3786972725466	25.26755027914315	1505.0015967736338	93.63579060296978
2	room	pos main	0.049	229	2541.5004838348937	25.17598413451505	1506.3593489681994	93.68955284140652
2	room	pos main	0.132	230	2543.4217262104075	25.66662826324718	1510.7604640293869	95.29544791001784
2	room	pos main	0.132	231	2542.3089770551514	25.234280651908207	1509.1933266299477	95.11406849929176
2	room	pos main	0.132	232	2544.231193084045	25.815433035298884	1508.3658357460683	94.35031534163151
2	room	pos main	0.132	233	2546.3044079149395	25.869169920461562	1507.8984528868664	93.9476027755744
2	room	pos main	0.132	234	2545.7355393914186	25.760920706676707	1506.2057008685942	93.92616774202017
2	room	pos main	0.207	235	2550.0878923635732	26.055833686334246	1508.4521770160352	93.31223725184624
2	room	pos main	0.207	236	2547.0107034923662	25.90491312350322	1508.4040893185775	93.97798199014996
2	room	pos main	0.207	237	2544.0019330836553	25.46707559238207	1510.601807830621	95.1317221939156
2	room	pos main	0.207	238	2545.1293735495565	25.433634563357494	1510.7478542255956	94.87238190644172
2	room	pos main	0.207	239	2547.053538410963	25.974439718588915	1508.9279066798863	94.52110204035291
2	room	pos main	0.384	240	2555.8155075265936	25.683879010552705	1514.9250423760263	94.71868317634588
2	room	pos main	0.384	241	2560.4563895757897	25.60252733096094	1508.4827172484925	91.61813886535516
2	room	pos main	0.384	242	2557.732954443726	25.776319619792645	1512.6775919528145	93.2122314255117
2	room	pos main	0.384	243	2560.36483390406	25.634601683991594	1511.5541181864714	92.09814181515374
2	room	pos main	0.384	244	2555.042337985791	25.599975247150397	1514.7852802190948	94.8916472916627
2	room	pos main	0.448	245	2556.6375002783147	25.902238693306145	1515.7389972627122	95.48842832396124
2	room	pos main	0.448	246	2564.0290386984057	25.39160521219935	1512.3503587059981	92.54199790995582
2	room	pos main	0.448	247	2565.347383865299	25.683083640171084	1511.3955871167923	91.89761623412244
2	room	pos main	0.448	248	2563.313472668556	25.619275814412074	1512.6030453217675	92.91143562192552
2	room	pos main	0.448	249	2563.7859694609824	25.749241891848566	1513.5409808723653	92.34541926100619
2	room	pos main	0.577	250	2572.848553444315	25.33734100542269	1515.2407081783047	92.48629848913237
2	room	pos main	0.577	251	2570.8760687234603	25.247741210885412	1516.8990361778542	92.54879942743145
2	room	pos main	0.577	252	2572.8219059029643	25.114653192516858	1516.7982996333349	92.84055880778573
2	room	pos main	0.577	253	2572.7546720232735	24.884772055096413	1517.7216673959356	92.52885705170236
2	room	pos main	0.577	254	2572.6241435457446	25.207117769341725	1515.9277287603838	92.4188449532765
2	room	pos main	0.748	255	2573.9043006017905	24.8960881031473	1525.1666636589164	96.86829154863018
2	room	pos main	0.748	256	2582.037714759462	23.94662623206783	1523.9956269182912	93.29130969319407
2	room	pos main	0.748	257	2579.519184168791	24.33367208103546	1521.9926982272077	93.38257060068851
2	room	pos main	0.748	258	2581.8225846377222	23.620377559932486	1519.7458211275884	92.42003435333646
2	room	pos main	0.748	259	2583.3649282058936	23.512678476143723	1522.7438627618744	92.69114980154403
2	room	pos main	0.885	260	2580.197639076668	23.90607516980211	1529.6274793174312	97.1533858969223
2	room	pos main	0.885	261	2587.673560839557	22.484463667450353	1527.3346135445688	94.34465870141929
2	room	pos main	0.885	262	2584.8292423793955	22.904438425708122	1532.5026527004454	96.19940379951504
2	room	pos main	0.885	263	2586.262145295047	22.64966852549863	1526.2308016307506	94.2096030750088
2	room	pos main	0.885	264	2585.393269442984	22.880686102323793	1526.6136825452813	95.01588096904055
2	room	pos main	0.958	265	2588.392192573632	21.96501171486516	1528.1245055953314	95.26823402435575
2	room	pos main	0.958	266	2589.998150237722	21.80673873553006	1528.6988053679836	94.15897035694178
2	room	pos main	0.958	267	2591.0904391470444	21.474372254932135	1527.2272980630516	94.77878368611145
2	room	pos main	0.958	268	2592.759761933502	20.85022925967427	1529.9870620943154	95.43934440021349
2	room	pos main	0.958	269	2588.086164029334	22.464197270752166	1530.0426243420216	95.955553649224
2	room	pos main	1.064	270	2591.494371746047	21.666536576012998	1535.8590426603203	97.93853106413188
2	room	pos main	1.064	271	2592.4035355012834	21.10703948676507	1536.5457501716326	97.93226021694453
2	room	pos main	1.064	272	2595.129068950872	20.439225076687237	1531.0246700055086	95.43997902154184
2	room	pos main	1.064	273	2596.1890632100426	19.9579139444453	1533.3381086893833	95.89775227346071
2	room	pos main	1.064	274	2593.963731899917	21.27221287403788	1534.0176610180745	96.04067077683513
2	room	pos main	1.169	275	2598.952280573587	19.460441539845682	1538.5222349900182	97.08402877139805
2	room	pos main	1.169	276	2599.5089243927027	19.466419783623994	1537.5404351210996	98.24685339552515
2	room	pos main	1.169	277	2597.3900107274	19.94837770741878	1540.129716858151	98.14426234996311
2	room	pos main	1.169	278	2596.8806564050733	20.300337478717356	1537.5563333331877	97.87451638188269
2	room	pos main	1.169	279	2598.6772938004806	19.43302978015985	1538.261009952213	97.10211169140457
2	room	pos main	1.298	280	2599.6030314698246	19.155889880544176	1543.0476012316983	99.85385905817893
2	room	pos main	1.298	281	2600.1371550227836	19.48809654387636	1543.800333641108	99.74513050716799
2	room	pos main	1.298	282	2603.4901363787812	19.06105661306721	1544.9022829371418	98.29839594772395
2	room	pos main	1.298	283	2600.873774193851	19.66037847447141	1543.2728061870396	98.87370756539744
2	room	pos main	1.298	284	2600.542436498167	19.53907618046472	1542.8197943650805	99.41778755143841
2	room	pos main	1.378	285	2602.052241184336	19.054317297013764	1545.8119449141404	100.03125072196615
2	room	pos main	1.378	286	2603.398651831133	19.014203680102323	1549.0887786046578	99.24048447961493
2	room	pos main	1.378	287	2604.432469073932	18.322184211317072	1543.6799978899057	99.58379016761293
2	room	pos main	1.378	288	2604.7180579261308	18.937808481228185	1542.4280778864636	100.23641279882018
2	room	pos main	1.378	289	2604.5206731442704	18.437345683434007	1550.398652784932	99.92424868186647
2	room	pos main	1.525	290	2607.299851142629	20.326606579586056	1555.1214342705393	100.62702632493773
2	room	pos main	1.525	291	2607.34762464703	21.07012681018207	1555.5826549962321	100.74910324973722
2	room	pos main	1.525	292	2608.2757385017217	22.47531175709292	1550.17687986635	100.09974723790961
2	room	pos main	1.525	293	2607.050604000875	20.592311538772737	1555.038181183438	100.21758007766196
2	room	pos main	1.525	294	2605.4673211372765	20.010457076920197	1552.3850494545961	99.8139198133995
2	room	pos main	1.627	295	2611.0331423493612	27.907887082456508	1554.6515481067788	100.41525219921806
2	room	pos main	1.627	296	2611.5538494475304	29.370319290924424	1552.9071208535033	97.02398883028454
2	room	pos main	1.627	297	2610.0724531859437	25.599901110511194	1560.4475571658318	99.52711000897528
2	room	pos main	1.627	298	2608.2806855647673	23.15106264090589	1557.1255895313827	99.98221574135866
2	room	pos main	1.627	299	2611.9763920311534	31.382048098142416	1549.2091851200362	99.7837037946306
2	room	pos main	1.772	300	2618.827944138282	58.37492494535548	1565.541708164575	107.1365706168473
2	room	pos main	1.772	301	2616.3047256168393	56.82385580225643	1555.7738487988477	97.4176084372221
2	room	pos main	1.772	302	2615.613180343626	52.80342437864065	1565.8539989587089	100.13956144060525
2	room	pos main	1.772	303	2611.6234029017264	34.461582501161274	1566.361416933218	98.98528829516808
2	room	pos main	1.772	304	2619.089377940064	68.52056482217277	1548.291391164183	111.23814081986752
2	room	pos main	1.875	305	2624.6380921860814	93.7523159891648	1577.024568712279	126.99280406912196
2	room	pos main	1.875	306	2641.2779000660357	123.90106560981766	1577.9593880695575	158.3116651310096
2	room	pos main	1.875	307	2634.584022729172	110.85560921994357	1601.3131110554023	149.93085221962744
2	room	pos main	1.875	308	2622.920895739421	100.89775869345252	1584.9393630943725	140.62539830556233
2	room	pos main	1.875	309	2618.2902415601684	68.19968629455055	1580.2181428676959	116.11124341918809
2	room	pos main	2.075	310	2658.130671506352	177.17379263851734	1643.6219859994815	206.4044957884075
2	room	pos main	2.075	311	2639.1398230088494	164.19649330643222	1629.9683628318585	193.12973222193452
2	room	pos main	2.075	312	2635.9818507730224	185.4655837446239	1648.2460228545822	187.23396923434163
2	room	pos main	2.075	313	2661.0412070759626	167.9858387080616	1629.0287200832465	193.1916702231939
2	room	pos main	2.075	314	2635.1258092360813	167.47789401419138	1625.3120414328873	186.56255208694301
2	room	neg main	0.0	422	2558.4924230299234	46.109613339584314	1524.668886688154	95.71294469875147
2	room	neg main	0.0	423	2557.641245577837	46.124472160940655	1523.0314906491992	95.62340041145359
2	room	neg main	0.0	424	2556.5843868433367	46.046491971122215	1525.033039006626	95.70137980811795
2	room	neg main	0.0	425	2555.3177270149895	46.48570865218592	1525.723809117013	96.48562452216409
2	room	neg main	0.0	426	2557.818245854934	46.109507014545486	1529.0416628470925	96.50515318838256
2	room	neg main	0.0	427	2557.9900363318843	45.8775489886297	1525.174916410536	95.60544210941111
2	room	neg main	0.0	428	2560.314456804611	45.28594725374637	1525.967451339883	94.94845573327625
2	room	neg main	0.0	429	2561.188798532789	45.123164263299195	1523.5037119504907	94.5489184561143
2	room	neg main	-0.249	430	2553.7168040704864	44.401192842993616	1522.0329902906656	93.6127735494783
2	room	neg main	-0.249	431	2553.7465492697766	44.419754081750575	1520.6515196846512	93.29010954053676
2	room	neg main	-0.249	432	2553.5754037713136	44.43397233953686	1521.2156178590883	93.39713573167104
2	room	neg main	-0.249	433	2548.178220348904	45.15300393952301	1528.5207491099577	96.71951720470948
2	room	neg main	-0.249	434	2551.2297376979795	44.66931841001368	1523.2272789955946	94.22282969015441
2	room	neg main	-0.751	440	2512.673626668101	44.111732063762176	1517.8741129945276	98.02952989037642
2	room	neg main	-0.751	441	2509.0625591989588	44.98208057012298	1520.1835450843155	100.52941153130986
2	room	neg main	-0.751	442	2514.1229057262194	43.352715353585516	1519.257189356013	97.64637802919685
2	room	neg main	-0.751	443	2514.054882148122	43.4560539256364	1518.3881357798678	97.50131608617272
2	room	neg main	-0.751	444	2507.4994828916683	43.439768787468346	1520.3155495470312	99.74708480370161
2	room	neg main	-0.751	445	2511.941915040149	43.36008676454863	1522.1173876542791	99.13023844274936
2	room	neg main	-1.001	446	2494.4570094480596	42.31024999117723	1516.7146122922347	100.14253709124206
2	room	neg main	-1.001	447	2493.748436305784	41.97886194386798	1518.178360647119	100.63224076101683
2	room	neg main	-1.001	448	2496.55631814246	41.819880366898715	1517.3817607358633	99.33027908504266
2	room	neg main	-1.001	449	2494.494184793218	41.14643612379093	1517.7409094940556	99.80326649110299
2	room	neg main	-1.001	450	2492.2523447249205	41.140729639838995	1514.0869094793986	99.69373810212346
2	room	neg main	-1.25	451	2476.3721019372897	39.8692319092294	1511.8725030222683	100.66705898407064
2	room	neg main	-1.25	452	2478.1423020932684	38.78353213172227	1511.684964144958	99.89913047618985
2	room	neg main	-1.25	453	2472.992678339367	39.48991685549151	1514.1532333147684	102.00955756927742
2	room	neg main	-1.25	454	2471.83431572915	39.83403748482775	1510.3937376150463	101.81339144611466
2	room	neg main	-1.25	455	2473.6515698833523	40.25366873746272	1514.2282311945219	102.53581953000166
2	room	neg main	-1.5	456	2460.500122525267	39.54512338398085	1508.7153062860184	102.23913501239936
2	room	neg main	-1.5	457	2459.2134338014125	38.89259732262975	1509.7883662833729	102.54561594779052
2	room	neg main	-1.5	458	2461.219849094828	37.652432009169765	1506.7739628695335	100.76718632965363
2	room	neg main	-1.5	459	2460.8242491393885	37.672821238020255	1506.6307807518895	100.67517527817616
2	room	neg main	-1.5	460	2460.7712727206285	38.0771201524524	1508.622869723597	101.73583221975166
2	room	neg main	-1.75	461	2442.7636736975514	37.45940845756788	1501.2462879942705	102.16481886145012
2	room	neg main	-1.75	462	2441.820381465212	37.07888539386212	1501.479406626964	102.83119989287312
2	room	neg main	-1.75	463	2440.477628954344	36.05688048535511	1502.8930333294657	103.57883414496432
2	room	neg main	-1.75	464	2444.643429236429	36.62003917627798	1500.3976410448986	101.57116694966551
2	room	neg main	-1.75	465	2444.5251712813915	36.570967058459026	1503.1351978992618	102.5032117936269
2	room	neg main	-2.0	466	2433.7448423070964	33.596836280122396	1488.0063049290059	99.22331022212528
2	room	neg main	-2.0	467	2431.330008473084	32.934641529455874	1490.061365538907	99.42955781903302
2	room	neg main	-2.0	468	2434.5822412893585	33.91776150961158	1491.9423887741953	100.33469117390484
2	room	neg main	-2.0	469	2431.202540021984	32.763236087339784	1490.4357810969752	100.35964571972302
2	room	neg main	-2.0	470	2431.8500115537936	32.19964471065198	1493.1319719046376	99.81520294158904
2	room	neg main	-2.25	471	2425.896048264259	27.35892586632846	1474.069242774235	93.90083683075497
2	room	neg main	-2.25	472	2424.31950158342	26.154288983808534	1475.302334937185	96.35955556578602
2	room	neg main	-2.25	473	2428.1236080436124	28.581725110775164	1473.7010275019134	94.89208175348378
2	room	neg main	-2.25	474	2426.7701552064873	28.49334485029707	1474.7779593288271	95.50789032752039
2	room	neg main	-2.25	475	2426.9439888550646	27.21031794640527	1473.453311208291	93.82078240455783
2	room	neg main	-2.502	476	2419.369854627941	24.435502331847616	1463.1570534318037	90.29446059536721
2	room	neg main	-2.502	477	2424.630843145881	24.93931097485973	1455.8527040024605	87.24811470052009
2	room	neg main	-2.502	478	2423.9252894409206	24.158584543122064	1460.1491722008848	87.72071819419635
2	room	neg main	-2.502	479	2419.5217002025374	24.17506176500387	1465.397582919126	91.03770864475018
2	room	neg main	-2.502	480	2423.5636288581436	24.822352467797803	1461.6533780972443	89.01039809244782
2	room	pos rand	1.0	320	2588.8196433725598	24.84527840285786	1541.0502301355255	99.84795231427066
2	room	pos rand	1.0	321	2592.8451982398838	23.080265194698153	1543.5162377265672	99.92070951980939
2	room	pos rand	1.0	322	2592.924592100752	23.36516490371269	1543.0603121122954	99.95948432039938
2	room	pos rand	1.0	323	2593.2212530158813	23.049639549551912	1544.2117972205963	100.06529651468368
2	room	pos rand	1.0	324	2591.715836417178	24.02654914041269	1543.0104749546779	100.37323472641212
2	room	pos rand	0.2	325	2553.0765040753763	31.809074658700357	1525.9086417185604	100.07427836954504
2	room	pos rand	0.2	326	2555.1113353812248	31.16977930592112	1527.1832822177155	99.68720885944724
2	room	pos rand	0.2	327	2551.7922454800637	31.86234871646176	1528.2123827346172	100.26742550804833
2	room	pos rand	0.2	328	2549.3995224772366	31.879271615512174	1522.6246237399832	100.61837679566685
2	room	pos rand	0.2	329	2552.0352538825464	31.702576800311533	1527.293011290481	100.3807451157732
2	room	pos rand	0.3	330	2556.253767009213	32.1946463761437	1528.4317182979432	100.49783046839926
2	room	pos rand	0.3	331	2556.542247385008	32.61903603055455	1530.5471872348626	100.76567648234808
2	room	pos rand	0.3	332	2556.339774682317	32.929292749194495	1532.0750396107746	100.89460006814387
2	room	pos rand	0.3	333	2556.5725600571823	32.546778006358764	1531.858778799421	100.76839318281871
2	room	pos rand	0.3	334	2556.8220747981995	32.34007792768763	1529.517122113583	100.86714170577935
2	room	pos rand	0.8	335	2581.598778246863	29.94320177147559	1543.927761577105	102.02461274122358
2	room	pos rand	0.8	336	2581.6473129282867	29.74730089597367	1545.7037117275784	102.12872014479014
2	room	pos rand	0.8	337	2577.6998759499124	31.129378671588075	1544.6486467493144	102.9708474318942
2	room	pos rand	0.8	338	2580.145685773386	30.596084012084624	1545.2429427851246	101.98309187920601
2	room	pos rand	0.8	339	2579.0795114908074	30.948255353851206	1546.1857454105843	102.60165722291751
2	room	pos rand	0.1	340	2544.3499147796065	36.82284046704323	1533.668527837494	103.6346351002805
2	room	pos rand	0.1	341	2542.8050706084123	36.677041324809956	1534.9429082892764	103.81918510134518
2	room	pos rand	0.1	342	2544.5411423303226	36.28829501375223	1533.4034598513754	103.45062469055787
2	room	pos rand	0.1	343	2544.7045432680497	36.47972293371536	1535.2775562429042	103.47794032067891
2	room	pos rand	0.1	344	2542.407087214129	36.70279861519896	1535.068594334759	103.6782813811908
2	room	pos rand	0.1	345	2568.123731208431	35.3461190098732	1543.982495983219	103.85514955610441
2	room	pos rand	0.1	346	2568.1553857285985	35.38476885902806	1543.2237379242956	103.87251408695381
2	room	pos rand	0.1	347	2569.2268976071036	35.26651278140437	1543.780955732773	103.64162288445449
2	room	pos rand	0.1	348	2569.0281345799076	35.115248327238156	1543.7356620715611	103.56113949139748
2	room	pos rand	0.1	349	2566.0511008117305	36.268932035441345	1544.1529754631376	104.03909256529327
2	room	pos rand	0.6	345	2568.123731208431	35.3461190098732	1543.982495983219	103.85514955610441
2	room	pos rand	0.6	346	2568.1553857285985	35.38476885902806	1543.2237379242956	103.87251408695381
2	room	pos rand	0.6	347	2569.2268976071036	35.26651278140437	1543.780955732773	103.64162288445449
2	room	pos rand	0.6	348	2569.0281345799076	35.115248327238156	1543.7356620715611	103.56113949139748
2	room	pos rand	0.6	349	2566.0511008117305	36.268932035441345	1544.1529754631376	104.03909256529327
2	room	pos rand	1.3	350	2592.704014757945	27.262114140210517	1560.7265154675035	104.82749904960609
2	room	pos rand	1.3	351	2591.0074462469674	29.191557585346175	1561.6106421458242	105.71988555606384
2	room	pos rand	1.3	352	2593.2829605937945	27.394130598399656	1559.8179678270742	105.39474138025396
2	room	pos rand	1.3	353	2592.187624227416	28.73157576098332	1559.7456765498214	105.96731074676993
2	room	pos rand	1.3	354	2594.0040694278287	26.831390929228256	1558.6533991639683	105.00904867269965
2	room	pos rand	1.8	355	2595.525318697617	25.460887663481703	1571.624046509125	104.19148486668897
2	room	pos rand	1.8	356	2594.3275577682875	25.969055191327765	1570.454369206111	104.35254065473949
2	room	pos rand	1.8	357	2594.7296973320963	25.580419157011757	1569.231397883113	105.09595537360765
2	room	pos rand	1.8	358	2594.646015275243	26.311607521367915	1572.8681358968206	103.94080084438633
2	room	pos rand	1.8	359	2595.6240647308027	25.569893978200096	1572.6531489641436	103.66872349969923
2	room	pos rand	1.9	360	2596.2565168130927	26.767374884697738	1579.2388639809187	101.76567929978945
2	room	pos rand	1.9	361	2596.5933104974156	25.49813394491465	1576.4621469357755	103.15958540991895
2	room	pos rand	1.9	362	2598.054003224073	24.945026169963615	1577.1248536693022	100.6873435822322
2	room	pos rand	1.9	363	2594.601403946092	25.619238496939378	1576.9162446298758	103.52421597353545
2	room	pos rand	1.9	364	2596.3420554495488	25.948039960810753	1579.1755328000054	101.63943881332096
2	room	pos rand	1.6	365	2594.0693147641014	27.90362878500162	1569.202733352598	105.94653831974514
2	room	pos rand	1.6	366	2594.517980373945	27.03156012821625	1569.9743324792457	104.76658554711781
2	room	pos rand	1.6	367	2592.2640708795298	27.587464120150532	1567.4797191161783	105.08753200506506
2	room	pos rand	1.6	368	2594.1632073972473	27.860089697358134	1570.9635135058597	105.23420358751758
2	room	pos rand	1.6	369	2594.808372632527	26.642565784139677	1570.3834184151574	104.73009307728128
2	room	pos rand	1.401	370	2592.029514285627	29.416970754704316	1565.0019527240593	106.2337946133919
2	room	pos rand	1.401	371	2591.1323024553462	30.498015821678067	1565.526776072542	106.77323920570811
2	room	pos rand	1.401	372	2592.0366850488317	29.39594877473458	1564.7718862289737	106.45914337142543
2	room	pos rand	1.401	373	2592.400349867856	29.104743218613713	1565.8912990715469	106.14982349796236
2	room	pos rand	1.401	374	2592.358696025043	29.239574447476354	1565.0677671795838	106.1061455287555
2	room	pos rand	0.0	375	2538.3181182964213	43.36567303424244	1544.2302115490934	107.26223472097593
2	room	pos rand	0.0	376	2535.2459451722384	44.321000464919116	1544.7342870921227	107.76411685309431
2	room	pos rand	0.0	377	2538.0614389180787	43.48467575008689	1546.2799491044552	107.18419925957441
2	room	pos rand	0.0	378	2536.325531388556	43.83855387889566	1546.6399684097257	107.7312751422151
2	room	pos rand	0.0	379	2536.9190481584897	44.20902173381151	1547.080015148621	107.66479162855583
2	room	pos rand	0.7	380	2568.8842561977763	41.11036551980228	1552.0207938127846	106.89385128542273
2	room	pos rand	0.7	381	2570.9830459918503	40.068885805273126	1553.1137017115354	106.62437647627196
2	room	pos rand	0.7	382	2571.665877713615	39.481375021882435	1553.5277556836454	106.4353388240682
2	room	pos rand	0.7	383	2567.6010458157784	40.589773582853624	1551.9671954237544	106.84776523184789
2	room	pos rand	0.7	384	2569.644115270531	41.34125734234337	1552.5108314514962	106.89378343262764
2	room	pos rand	1.5	390	2593.315670160635	29.237628493224417	1571.4032558910772	106.50351669406469
2	room	pos rand	1.5	391	2593.307562810961	29.446339286805898	1570.6007110460123	106.8151709614126
2	room	pos rand	1.5	392	2592.391175865735	30.18550297768794	1572.7560192414273	106.39973589814642
2	room	pos rand	1.5	393	2591.1099098384016	30.99880225511234	1570.1557305335089	107.06832366394305
2	room	pos rand	1.5	394	2592.966487690387	29.966688603835426	1567.1351463792068	107.19382511897646
2	room	pos rand	1.7	395	2593.4614597200493	30.265400088453216	1576.4765182131598	106.2806633785126
2	room	pos rand	1.7	396	2593.2314309479943	30.604232529904095	1578.309452735328	106.2467244166348
2	room	pos rand	1.7	397	2592.55798597876	31.312051870648187	1578.0577835596996	105.76945461084742
2	room	pos rand	1.7	398	2593.5418236944706	30.257849187044446	1579.0051178577942	106.02199305889985
2	room	pos rand	1.7	399	2593.20232590593	29.995250517564195	1574.3267219554025	106.9554436178586
2	room	pos rand	1.2	400	2586.094045597647	36.907525610419405	1562.0725553515983	107.99272686366439
2	room	pos rand	1.2	401	2587.033185719098	36.624779025958176	1562.9722836299684	107.9066920927539
2	room	pos rand	1.2	402	2587.3889933274054	36.12757169039849	1565.757111263154	107.68657731729411
2	room	pos rand	1.2	403	2586.766374547066	36.801565386560235	1564.8616220910176	107.83816994645223
2	room	pos rand	1.2	404	2586.813523382063	36.34616228409929	1563.359490602454	108.12427871054082
2	room	pos rand	0.9	405	2575.6398223936585	42.17495043306052	1557.7839560235645	108.4443681094231
2	room	pos rand	0.9	406	2576.1643313864984	41.036967247391885	1559.6672875089162	107.82347611782896
2	room	pos rand	0.9	407	2574.9504513706765	40.05642059763203	1558.7208707879258	107.63073365201004
2	room	pos rand	0.9	408	2576.135319324389	41.23174794402405	1559.9924046300378	108.19984678773392
2	room	pos rand	0.9	409	2576.572023830033	40.57066067352332	1559.9311015214269	107.9741353439867
2	room	pos rand	1.999	410	2593.412823256353	29.920346585743815	1594.4390834806418	100.92966515046801
2	room	pos rand	1.999	411	2593.0595203395987	29.911588473630626	1591.5609866962163	103.10080839699934
2	room	pos rand	1.999	412	2594.38707272697	29.63003754522733	1587.3299426842482	105.15792240486196
2	room	pos rand	1.999	413	2594.252441436353	29.60475070824134	1589.6222875937876	104.55990243142028
2	room	pos rand	1.999	414	2595.0825273518226	29.428903262616128	1595.590584342333	101.27732310582446
2	room	pos rand	1.1	415	2583.949463793335	36.41239617822327	1561.800185946462	107.72644076037716
2	room	pos rand	1.1	416	2581.601486641971	39.876196631892896	1562.2306699771432	108.67249599034213
2	room	pos rand	1.1	417	2583.9495240731057	37.56818153977849	1563.1813207926834	108.12278083291805
2	room	pos rand	1.1	418	2582.583625133736	38.909553229605976	1564.4713418284755	108.3130037614929
2	room	pos rand	1.1	419	2582.1157780135873	39.46737864299346	1564.5561833862234	108.4719140743743
2	room	neg to pos	-2.375	481	2426.03545496297	26.157014719208664	1466.3538747758744	91.84787474195895
2	room	neg to pos	-2.375	482	2425.3627317739583	25.53675748197873	1470.3872114317314	92.71974896900981
2	room	neg to pos	-2.375	483	2424.8913745604814	25.69276851975471	1472.359804738947	93.76528798030091
2	room	neg to pos	-2.375	484	2425.024065752659	25.341581895978482	1471.3198187835078	92.77628956058611
2	room	neg to pos	-2.375	485	2425.1799983361952	25.328753924702315	1468.7808427821417	91.89156239316223
2	room	neg to pos	-1.374	486	2466.0469464267976	38.21493421721715	1514.2149558462072	104.17929830599134
2	room	neg to pos	-1.374	487	2464.874056288091	37.32644491496028	1513.1879525971758	103.65191275450587
2	room	neg to pos	-1.374	488	2471.033825121136	37.131297006132954	1513.962881213345	102.10908019281692
2	room	neg to pos	-1.374	489	2472.530192541743	37.142772508737316	1509.7413976758337	100.60485944100323
2	room	neg to pos	-1.374	490	2473.2722805930066	37.53119888357271	1511.3246615522257	101.08367305878261
2	room	neg to pos	-1.126	491	2487.224841882526	39.36600108978026	1519.0073527476584	101.90759075461263
2	room	neg to pos	-1.126	492	2487.235170103081	38.98116153538539	1518.2849034871522	101.67055603909009
2	room	neg to pos	-1.126	493	2490.2481842210054	38.40371127165438	1515.7692145064216	99.88899801385843
2	room	neg to pos	-1.126	494	2485.430836807349	38.307988994981216	1519.6761233208535	102.2472085890637
2	room	neg to pos	-1.126	495	2486.735890886024	38.626932497212394	1518.1383908265798	101.62072525485488
2	room	neg to pos	-0.875	496	2508.59874002717	41.06756105362296	1522.0528789662305	99.39232597696895
2	room	neg to pos	-0.875	497	2506.713648144316	41.19644263087314	1525.6288085090566	100.68696993389985
2	room	neg to pos	-0.875	498	2505.482108694338	41.24332373958073	1522.4487734136167	100.80377780449669
2	room	neg to pos	-0.875	499	2507.435365481591	40.929201174235686	1521.2318812701087	99.71925842916066
2	room	neg to pos	-0.875	500	2507.096086848646	40.84854262065089	1520.148720520809	99.88539043150566
2	room	neg to pos	-0.625	501	2529.4227739437224	42.42340678485509	1521.6777881525923	96.91065937932798
2	room	neg to pos	-0.625	502	2530.852763630061	43.12749564068362	1524.2676164003672	97.35076281873592
2	room	neg to pos	-0.625	503	2526.7849966488557	42.44153532779014	1523.0239950281582	97.94950568393885
2	room	neg to pos	-0.625	504	2525.848687116393	42.111227244550044	1524.3037448488665	98.75020521098669
2	room	neg to pos	-0.625	505	2531.14995365231	41.97591479809647	1523.4641791042761	96.47303106794114
2	room	neg to pos	-0.375	506	2548.1001604936655	42.38363523702125	1524.3149906324106	95.3142257016328
2	room	neg to pos	-0.375	507	2546.3080804889782	43.23663184785658	1526.8381934456681	96.83696701634808
2	room	neg to pos	-0.375	508	2552.2593551770365	42.14866645521444	1526.3461522678929	94.71232637150797
2	room	neg to pos	-0.375	509	2549.1391233256986	43.42008813739159	1525.8656397061304	96.00887347506851
2	room	neg to pos	-0.375	510	2546.880720478269	43.834459832938855	1526.7781143829657	97.10175975339644
2	room	neg to pos	-0.126	511	2559.5250224041956	43.23862445518725	1528.147247294013	96.90300524400396
2	room	neg to pos	-0.126	512	2567.5971303808938	41.404934316551106	1525.8947814137696	94.39428097170598
2	room	neg to pos	-0.126	513	2564.775870189027	42.0847526378613	1528.226793827249	95.3035539493477
2	room	neg to pos	-0.126	514	2561.646164673017	43.15703813711206	1529.9087159642513	96.67375910303755
2	room	neg to pos	-0.126	515	2564.7622840278405	42.41221900770303	1529.9389989037654	96.17101152714984
2	room	neg to pos	0.0	516	2569.734420809488	41.24002514829457	1531.7678270781994	95.27326457561989
2	room	neg to pos	0.0	517	2566.4843923698854	42.208700018421766	1532.1736954945136	96.43508438730038
2	room	neg to pos	0.0	518	2567.4984656489446	41.440555779582255	1529.167971555643	95.37969343665603
2	room	neg to pos	0.0	519	2570.1358265129643	40.952832523057104	1530.0297855964745	95.08335166506177
2	room	neg to pos	0.0	520	2565.442752539386	42.240838918623034	1533.1390655165255	97.12106409706946
2	room	neg to pos	0.257	521	2574.2269996060245	42.17657133094446	1531.8662667876304	96.83138263547167
2	room	neg to pos	0.257	522	2573.7019608871556	42.14571621738986	1533.1589085070318	97.42584212115933
2	room	neg to pos	0.257	523	2574.7525341028113	40.94420083627783	1530.4557826582582	96.06799339965364
2	room	neg to pos	0.257	524	2574.4458581693125	41.314485255827485	1530.6541943202092	96.39891607741227
2	room	neg to pos	0.257	525	2574.263626752779	41.29630614898382	1530.8576396880792	96.51965707498057
2	room	neg to pos	0.355	526	2580.5573416643288	40.519678563775365	1529.996621307371	95.99929512336534
2	room	neg to pos	0.355	527	2582.5505383676295	39.44552935532691	1530.695858098417	95.5801757950988
2	room	neg to pos	0.355	528	2580.431135911876	40.88440632237416	1534.0381812622372	97.35046239695568
2	room	neg to pos	0.355	529	2580.818877479349	39.98805805525779	1531.1007180428223	95.98978201748666
2	room	neg to pos	0.355	530	2581.1720582198327	39.48302680597573	1529.8364671051265	95.16473296411083
2	room	neg to pos	0.499	531	2586.0825147182422	40.40817562873333	1536.0536592070173	98.59143532224427
2	room	neg to pos	0.499	532	2585.6648228997415	40.474750933353356	1536.6430448050237	98.50244151712428
2	room	neg to pos	0.499	533	2589.4882117437432	38.88899447600806	1533.7101047191659	96.37727828733402
2	room	neg to pos	0.499	534	2589.145401483284	38.28138645054136	1533.9193398361588	96.15945953706162
2	room	neg to pos	0.499	535	2583.461525333663	40.36683810153964	1531.4849725654967	98.0842923228473
2	room	neg to pos	0.644	536	2595.907594795617	37.36718148289629	1534.7372355831815	97.24279795191096
2	room	neg to pos	0.644	537	2593.12451448331	38.67643500999903	1536.207966305158	98.33339560335335
2	room	neg to pos	0.644	538	2594.610858283667	37.52738329463018	1539.2153500482154	98.40334284070481
2	room	neg to pos	0.644	539	2593.272572672565	38.48939870347321	1537.850597096727	98.76828244382119
2	room	neg to pos	0.644	540	2594.501593334005	37.67830347761766	1537.3705951646498	98.313181691696
2	room	neg to pos	0.769	541	2601.885340415692	35.06344299506039	1537.976647391512	97.8789803298011
2	room	neg to pos	0.769	542	2604.864062165667	33.433438989353746	1538.5551710284965	96.18405233227023
2	room	neg to pos	0.769	543	2604.324811956881	33.410271734165526	1538.6890848241096	96.62670059798366
2	room	neg to pos	0.769	544	2603.1103728930525	34.53833433628673	1537.9466459902512	96.68025999646754
2	room	neg to pos	0.769	545	2601.1534684436474	35.17170046098824	1538.7944158162259	98.18620395577122
2	room	neg to pos	1.009	546	2609.486913873843	33.45033454924509	1539.8105905432576	99.44443612539386
2	room	neg to pos	1.009	547	2611.2645828696354	31.587668251563812	1542.2259287745492	98.32230345310462
2	room	neg to pos	1.009	548	2612.160963452551	30.191565544346357	1540.6896465745804	97.23567432682248
2	room	neg to pos	1.009	549	2611.07099512548	31.506794734193402	1541.0797575025529	98.68731619987538
2	room	neg to pos	1.009	550	2612.4052408994685	29.997910540290377	1540.2149859519175	96.62777654813527
2	room	neg to pos	1.338	551	2618.5205297747107	25.199520313419224	1546.3086130982804	100.09606643099013
2	room	neg to pos	1.338	552	2619.5602001648253	23.71148049743822	1547.1169273089558	98.19662965658875
2	room	neg to pos	1.338	553	2617.129461743457	26.306162613231663	1547.0227241637872	101.93991873758353
2	room	neg to pos	1.338	554	2620.1662602337256	22.71178376678796	1543.2648774135848	96.10993953919751
2	room	neg to pos	1.338	555	2617.1352994553718	26.17520432424574	1546.9461880008469	101.8297210638361
2	cryo	neg main	0.0	565	2689.5758999397153	43.04544839874943	1555.9274497156186	90.10853289263117
2	cryo	neg main	0.0	566	2696.8191466502944	40.87775649376911	1556.126479330051	87.38506476398305
2	cryo	neg main	0.0	567	2690.0944891831905	43.22654628613314	1557.1455086324636	90.45482207331783
2	cryo	neg main	0.0	568	2689.3873892744045	42.32228823391677	1557.842435184345	90.04908029386567
2	cryo	neg main	0.0	569	2691.7195677567925	42.790950374206595	1556.1764808540865	89.60047578693397
2	cryo	neg main	-0.052	570	2691.767801463819	42.00286779133939	1555.5039199485107	88.5699836728854
2	cryo	neg main	-0.052	571	2695.3836351817745	41.71745308339567	1554.8145199865914	87.70352205294958
2	cryo	neg main	-0.052	572	2693.619676014975	42.23952812738217	1557.561487750318	88.78078564850419
2	cryo	neg main	-0.052	573	2696.45821053024	41.00147626945292	1554.270734095304	87.28019649593456
2	cryo	neg main	-0.052	574	2687.5457566467107	43.51333818887104	1558.5537958549821	91.50319461044265
2	cryo	neg main	-0.142	575	2698.234484218421	40.75956374386237	1553.880290172712	87.0629172965174
2	cryo	neg main	-0.142	576	2696.6853429933085	41.22137843669886	1553.5337844321919	86.91583142780266
2	cryo	neg main	-0.142	577	2693.168815376321	41.45061931221366	1552.7156874879643	87.57660923820879
2	cryo	neg main	-0.142	578	2693.8717019841247	42.1002351800074	1555.6426683924678	88.28903492988597
2	cryo	neg main	-0.142	579	2696.234507854901	41.08308382843817	1555.1756146584528	87.42004958025318
2	cryo	neg main	-0.269	580	2692.63329895856	42.512468044684844	1556.9328868967839	88.99278623345027
2	cryo	neg main	-0.269	581	2693.002327331803	42.62932102134112	1556.749642889081	88.66397565435405
2	cryo	neg main	-0.269	582	2694.1456737021686	42.5249439684801	1556.8397602101093	88.08902542468752
2	cryo	neg main	-0.269	583	2690.326328211583	42.57661834390439	1557.6310319404581	89.7991026704399
2	cryo	neg main	-0.269	584	2686.3124168111126	42.6853721044528	1559.5768804177999	91.44659383678174
2	cryo	neg main	-0.339	585	2691.8454655702044	42.53812596906569	1558.2846073271305	89.03836368867873
2	cryo	neg main	-0.339	586	2694.6399395290714	42.33313154410926	1556.7042375966512	88.10539923500318
2	cryo	neg main	-0.339	587	2689.611755243401	42.900002423969475	1557.3505776635018	89.94333948950805
2	cryo	neg main	-0.339	588	2692.7385614702293	42.89209175915417	1558.4890313287656	89.36337425278775
2	cryo	neg main	-0.339	589	2693.337042597528	42.45204716250216	1556.3336239630116	88.30023999990942
2	cryo	neg main	-0.479	590	2695.5296601303194	40.291686083232015	1556.1334799601138	86.24074339701568
2	cryo	neg main	-0.479	591	2690.1746877322216	42.734477538161464	1556.1309390913377	88.9567483332992
2	cryo	neg main	-0.479	592	2694.444513357628	41.53567591262221	1557.5440402372042	87.9822202411222
2	cryo	neg main	-0.479	593	2690.8779860957743	42.8724636858078	1556.654220743031	89.26874034486464
2	cryo	neg main	-0.479	594	2694.1276864875576	41.5611517882805	1556.6193934559906	87.62426816660356
2	cryo	neg main	-0.575	595	2694.2423561844475	41.30950460091461	1556.8013551272772	87.4395866647903
2	cryo	neg main	-0.575	596	2691.35068047351	42.5488581396395	1556.5925443973601	88.58446538854712
2	cryo	neg main	-0.575	597	2694.7009950169167	41.49334597879335	1555.7435411884214	87.15689222422269
2	cryo	neg main	-0.575	598	2694.0094117643216	41.78659116710514	1555.4966570878194	87.65256780887796
2	cryo	neg main	-0.575	599	2689.7230955171426	42.77327288096247	1559.4481376400472	89.90175402894832
2	cryo	neg main	-0.622	600	2690.5548037174476	42.616069208365026	1559.5719581522385	89.79041428351702
2	cryo	neg main	-0.622	601	2690.291828300853	42.56767399368072	1558.5534076224258	89.63903533797391
2	cryo	neg main	-0.622	602	2690.9489998048384	42.361949929523654	1557.104118375596	88.62528842367713
2	cryo	neg main	-0.622	603	2694.1532004932637	41.933430935335274	1556.717352930587	87.80322991686516
2	cryo	neg main	-0.622	604	2691.749651260621	42.743229969048976	1557.7396282325342	89.10908470786862
2	cryo	neg main	-0.718	605	2695.013840826501	41.811708651578705	1557.0303964420157	87.46469193296214
2	cryo	neg main	-0.718	606	2688.5033462401248	43.16215141127461	1557.7791965745848	89.88140356254966
2	cryo	neg main	-0.718	607	2694.998170512731	41.773862966868116	1556.697219611475	87.53958961103584
2	cryo	neg main	-0.718	608	2687.4859336061763	43.4546924808031	1559.5244863032744	90.96468406191624
2	cryo	neg main	-0.718	609	2691.0965923083245	42.975408893794985	1557.090055759155	88.72650840970519
2	cryo	neg main	-0.846	610	2690.208421394079	43.168182111717584	1558.2373735306705	89.40016321365749
2	cryo	neg main	-0.846	611	2688.859288545051	42.440755071452365	1558.1803771779082	89.14493224793223
2	cryo	neg main	-0.846	612	2687.281048472877	42.20548109456399	1556.314310889365	89.35235524263395
2	cryo	neg main	-0.846	613	2693.153378736436	42.38362382694552	1558.061195098389	87.87553187348028
2	cryo	neg main	-0.846	614	2688.8974801157096	42.19025602505391	1559.650997160742	89.2224514542153
2	cryo	neg main	-0.958	615	2689.6214966429884	42.04273986391922	1562.1335137644867	89.96741067331354
2	cryo	neg main	-0.958	616	2684.689584255407	42.71895791582129	1560.9197664571716	91.937999978391
2	cryo	neg main	-0.958	617	2686.110139520098	42.60396013537119	1559.2803602395072	90.46021753815417
2	cryo	neg main	-0.958	618	2693.9327610837204	41.52148474077553	1558.629131568481	87.57136447246971
2	cryo	neg main	-0.958	619	2684.082234471455	43.283708151280955	1561.4525217775324	92.36790608153866
2	cryo	neg main	-1.1	620	2690.487406915532	42.02139919110803	1557.9519263836232	88.26940098419935
2	cryo	neg main	-1.1	621	2688.2926508470828	42.26059613760708	1559.7917382508804	89.5468347606285
2	cryo	neg main	-1.1	622	2690.9962246922482	41.771488748782865	1558.6535211433968	88.27134820496296
2	cryo	neg main	-1.1	623	2684.2258062287397	43.10427803414889	1558.6270847376775	91.15564363819512
2	cryo	neg main	-1.1	624	2688.9615324205765	42.4316169627972	1560.252111375852	89.58686867552507
2	cryo	neg main	-1.242	625	2691.5418997794195	42.19968988032568	1557.232004329608	87.99136048130211
2	cryo	neg main	-1.242	626	2694.2129625268362	41.57551073132734	1558.355810064065	87.306641549038
2	cryo	neg main	-1.242	627	2689.4245633530327	42.332554561939254	1558.9176629997398	88.99219925690421
2	cryo	neg main	-1.242	628	2692.2426170182307	41.84925335088935	1556.9067433822188	87.69415026165113
2	cryo	neg main	-1.242	629	2692.390177723647	41.99791044630766	1557.1290616490585	87.66141213784395
2	cryo	neg main	-1.411	630	2691.1979218093943	42.22250961424621	1559.0351075975814	88.1891239139596
2	cryo	neg main	-1.411	631	2688.3825406897995	42.69867884406085	1559.472741981072	89.16964899760453
2	cryo	neg main	-1.411	632	2687.158300230226	42.289829681029225	1560.6009848121846	89.89252880415995
2	cryo	neg main	-1.411	633	2691.1204730086083	42.25678974245488	1558.798695523273	88.24828692780476
2	cryo	neg main	-1.411	634	2686.5824453272307	42.87580005849225	1560.3138202835514	90.20552898375666
2	cryo	neg main	-1.643	635	2687.58326823175	42.49958946915274	1560.003113924332	89.41121348322322
2	cryo	neg main	-1.643	636	2691.3434974876536	42.5748867377051	1558.5024241511314	88.20468906113919
2	cryo	neg main	-1.643	637	2694.8280541934587	40.996838012171295	1557.3856610310036	86.58257233468689
2	cryo	neg main	-1.643	638	2690.096583799092	42.50333246439426	1560.1126773234942	88.71108854666832
2	cryo	neg main	-1.643	639	2685.786792419166	42.82826784202118	1561.7411918302248	90.58663444320592
2	cryo	neg main	-1.935	640	2684.3977889575335	42.062648698136876	1558.704063178044	89.27736960072238
2	cryo	neg main	-1.935	641	2690.2260720499153	42.75262650175118	1559.6052199249423	88.75091807657816
2	cryo	neg main	-1.935	642	2692.8145900289683	42.09927387120454	1555.907910675944	87.09220838695218
2	cryo	neg main	-1.935	643	2685.055393492325	41.89096391933197	1559.18878990426	89.5826565662719
2	cryo	neg main	-1.935	644	2685.917254215768	42.67555350827744	1561.2238022293607	90.19618308763674
2	cryo	neg main	-2.271	645	2689.244180311525	42.541808948271516	1557.235578923396	88.15504887593335
2	cryo	neg main	-2.271	646	2689.081828100113	42.35881708869392	1559.580603649099	88.3911150275105
2	cryo	neg main	-2.271	647	2686.921628255881	42.3742384528195	1559.6060482523917	89.13246624815123
2	cryo	neg main	-2.271	648	2689.640255808241	42.35468072061637	1557.0780744400117	87.83243841026949
2	cryo	neg main	-2.271	649	2681.1694060488326	41.793718959949835	1561.3497409569347	91.39223898797921
2	cryo	neg main	-2.458	650	2685.1983848049867	42.7407002842342	1558.8561195323266	89.5180082651427
2	cryo	neg main	-2.458	651	2692.1685815395676	41.591766064433834	1558.702657760815	86.99273190591367
2	cryo	neg main	-2.458	652	2684.0332001391234	42.79466231869672	1561.871469546118	90.44946987552889
2	cryo	neg main	-2.458	653	2690.604569778888	41.91541408374293	1558.672540786363	87.35278073741107
2	cryo	neg main	-2.458	654	2688.658582417798	42.24670549004681	1558.156883230134	87.96197787697388
2	cryo	neg main	-2.901	655	2683.9351095333095	42.87101594490994	1559.1985083321686	89.52057200394005
2	cryo	neg main	-2.901	656	2684.093752834842	42.199309482230184	1561.856551499948	89.9861236210076
2	cryo	neg main	-2.901	657	2679.225424553419	42.46411071228561	1562.6835453090962	92.1528759666412
2	cryo	neg main	-2.901	658	2684.1763776764924	43.20330922323971	1558.5475450478657	89.06408840610486
2	cryo	neg main	-2.901	659	2677.766808029826	42.4307838336099	1562.3309848507474	92.9862811860393
2	cryo	neg main	-3.111	660	2676.346408552925	42.36053603180263	1562.6250925148179	92.80181634630378
2	cryo	neg main	-3.111	661	2682.94210946649	42.92964093857263	1559.389699738582	89.89198186790347
2	cryo	neg main	-3.111	662	2685.1981178032624	42.602257428274	1560.278222281203	88.86598709586306
2	cryo	neg main	-3.111	663	2671.4564150777187	41.63850188712681	1561.8454411440268	94.35283385082319
2	cryo	neg main	-3.111	664	2681.9494151194413	42.921433182733935	1558.8554393272614	89.81313207205825
2	cryo	neg main	-3.34	665	2680.080047896351	42.85936838589392	1561.5480921603635	90.65580200599376
2	cryo	neg main	-3.34	666	2669.107962291316	41.176819229973574	1562.9650325600933	94.84954410030024
2	cryo	neg main	-3.34	667	2677.46858978058	42.536707141764886	1563.280498269793	92.93325846639365
2	cryo	neg main	-3.34	668	2681.517168500553	42.799815120731004	1558.5597731677196	89.9331080896081
2	cryo	neg main	-3.34	669	2673.161287394899	42.035321840051026	1564.9204151474712	94.23276026962722
2	cryo	neg main	-3.51	670	2669.8459897018674	41.59215755134962	1562.2733404672624	94.3545202271237
2	cryo	neg main	-3.51	671	2678.644772150868	42.62274760721906	1561.7416750699397	91.01278283445322
2	cryo	neg main	-3.51	672	2676.1675858848434	42.50647165263878	1561.3358767040036	92.18445418161804
2	cryo	neg main	-3.51	673	2681.63476790994	42.591133456618074	1562.095106506445	90.02938294507452
2	cryo	neg main	-3.51	674	2682.5276839402195	42.31575351481443	1559.6686079207484	89.20163413191831
2	cryo	neg main	-3.838	675	2683.4802898933995	42.19601834196719	1558.586784070435	88.31323252031359
2	cryo	neg main	-3.838	676	2667.704388782732	40.662612399818414	1565.658175276212	95.64619954778216
2	cryo	neg main	-3.838	677	2675.0421504459614	42.51809990004282	1560.9494841016167	92.40890773543272
2	cryo	neg main	-3.838	678	2667.410728403088	41.459594438121485	1563.612694324521	95.72346552344192
2	cryo	neg main	-3.838	679	2683.2186104579623	42.84345460442697	1560.5252926087962	88.91314815563287
2	cryo	neg main	-4.125	680	2675.063687356739	42.02211639671242	1561.449750685548	91.4430267021109
2	cryo	neg main	-4.125	681	2680.0977864720385	42.47755279787889	1560.921680799119	89.74054133436117
2	cryo	neg main	-4.125	682	2675.277798164648	42.10832250219507	1561.066249029447	91.51496335871674
2	cryo	neg main	-4.125	683	2674.646084076886	42.0392581668612	1562.5013982541618	92.1483033143684
2	cryo	neg main	-4.125	684	2675.6852800786714	42.22439563649835	1559.4257106132284	91.30907913902621
2	cryo	neg main	-4.478	685	2676.52978934912	42.99647027522993	1557.1997221824479	90.98227808338379
2	cryo	neg main	-4.478	686	2672.4164920364274	41.50285230953326	1561.0505089390992	92.38596166108915
2	cryo	neg main	-4.478	687	2673.343647370828	42.06390221344776	1562.3506866150747	92.67756265950061
2	cryo	neg main	-4.478	688	2677.64313332302	42.56224001695083	1560.6533131525143	90.47451543457237
2	cryo	neg main	-4.478	689	2678.7209963270857	42.65560334084667	1560.0220314865799	89.62183377554457
2	cryo	neg main	-4.756	690	2670.8267583204342	42.04122600939188	1563.7378668430035	93.88452846649257
2	cryo	neg main	-4.756	691	2678.0355680646394	42.37493078087388	1558.4156504621549	89.24924650672156
2	cryo	neg main	-4.756	692	2680.9023802637203	42.17325833224816	1558.417850158443	88.05537960948195
2	cryo	neg main	-4.756	693	2669.432401318862	41.5839156056454	1560.5895455770622	92.8006936291337
2	cryo	neg main	-4.756	694	2676.8694163466275	42.55300588140787	1558.48252778703	89.54392046597734
2	cryo	neg main	-5.184	695	2673.0823574215574	41.94745077053332	1559.5029331016026	90.89183135498666
2	cryo	neg main	-5.184	696	2672.3934403572616	41.51407909601883	1556.4940170608918	90.34455148206041
2	cryo	neg main	-5.184	697	2668.799205640872	40.896598497761026	1560.3646713759113	92.54975666445965
2	cryo	neg main	-5.184	698	2669.6939329742186	41.2698775847513	1559.3606209995032	92.00743156411731
2	cryo	neg main	-5.184	699	2670.6694471747405	41.27816729834342	1559.169358615827	91.12903664790198
2	cryo	pos to zero	4.5	820	2712.950316681503	43.41722601549362	1567.8615020566322	86.9721302085898
2	cryo	pos to zero	4.5	821	2717.777501383275	41.6642193492772	1566.4318672038917	85.94734583654964
2	cryo	pos to zero	4.5	822	2714.0131712346715	42.864518512040554	1567.4606586098491	86.6975348673763
2	cryo	pos to zero	4.5	823	2711.922600712097	43.83390668780462	1567.044647250386	87.50343581287021
2	cryo	pos to zero	4.5	824	2714.4483936267266	42.76644913147959	1566.5882695893374	86.60181149701589
2	cryo	pos to zero	3.96	825	2716.0279648093447	42.15620985846185	1567.9157498081386	85.94836032182148
2	cryo	pos to zero	3.96	826	2702.7132964405455	45.20871931651092	1571.537594105819	91.04749135881252
2	cryo	pos to zero	3.96	827	2710.618137479255	44.12898012543438	1568.4185509963488	87.39607756623722
2	cryo	pos to zero	3.96	828	2707.838331574302	44.22029008468589	1571.1859462491682	88.39643102132669
2	cryo	pos to zero	3.96	829	2710.871387387014	44.03062242246358	1569.6394174734164	87.66803770715025
2	cryo	pos to zero	3.308	830	2707.424617825315	44.479676060854835	1570.540828666078	87.47041250131412
2	cryo	pos to zero	3.308	831	2700.566233802191	45.28110282531089	1569.9998784254733	90.36643845290219
2	cryo	pos to zero	3.308	832	2703.6610518941707	44.570231438372076	1571.2167261040177	89.43787101126016
2	cryo	pos to zero	3.308	833	2710.9385572825036	43.69269822472711	1568.940507134785	86.20910498882706
2	cryo	pos to zero	3.308	834	2714.7858493321173	42.29790793686106	1566.8261195716889	85.85436913745022
2	cryo	pos to zero	2.375	835	2703.104500136665	44.30253923715649	1569.6493584137816	87.42924256924883
2	cryo	pos to zero	2.375	836	2702.977770996274	44.74020964760284	1568.596665989813	87.50197459982938
2	cryo	pos to zero	2.375	837	2706.6289953863256	44.80129206979689	1568.605520487233	87.04145376112186
2	cryo	pos to zero	2.375	838	2711.5135440841054	42.71305948165678	1568.2812184001295	85.51468326131621
2	cryo	pos to zero	2.375	839	2716.45125410559	41.29456779324975	1566.1612480187516	84.83926936070739
2	cryo	pos to zero	1.591	840	2707.8746820957904	43.83939935459307	1566.7443452532489	85.89796024332121
2	cryo	pos to zero	1.591	841	2703.156267904053	43.89230710658311	1569.2620557191492	86.33277335178245
2	cryo	pos to zero	1.591	842	2704.9241540336016	44.39878013991668	1567.8393650350365	86.14723868841928
2	cryo	pos to zero	1.591	843	2696.950174452446	44.73658072859965	1570.3338556913877	89.1881763058504
2	cryo	pos to zero	1.591	844	2703.5415624375896	44.52071149427768	1568.7560389479413	86.9116712795344
2	cryo	pos to zero	0.839	845	2704.8365080840795	43.80867115174206	1566.9780259624574	86.05847141520927
2	cryo	pos to zero	0.839	846	2701.427640404177	45.26307116314596	1564.0039328291043	86.59968360333879
2	cryo	pos to zero	0.839	847	2700.1066265271847	45.351698429005	1569.11281226058	87.50261458120902
2	cryo	pos to zero	0.839	848	2696.9702160107527	44.5728035581105	1568.0381070120586	87.81184080729345
2	cryo	pos to zero	0.839	849	2706.7482391464	44.04608119939538	1566.642707858431	85.62783332080582
2	cryo	pos to zero	0.386	850	2704.0555453034754	43.80798575851663	1565.983071252888	85.20232282767809
2	cryo	pos to zero	0.386	851	2698.9600439641376	45.38109985753292	1567.10746531575	87.06271823185335
2	cryo	pos to zero	0.386	852	2698.777758271983	44.8602354731844	1567.2164685758605	86.87985822091382
2	cryo	pos to zero	0.386	853	2701.1139073384375	45.19661209731135	1567.5243669444635	86.36859866078639
2	cryo	pos to zero	0.386	854	2700.312990129919	45.245446654491076	1567.518564664639	86.79289857313037
2	cryo	pos to zero	0.143	855	2698.6456363937523	44.79080589282175	1567.473914280947	87.18402336050298
2	cryo	pos to zero	0.143	856	2695.0175333439342	44.974667690529365	1569.8353781176918	88.67240014185407
2	cryo	pos to zero	0.143	857	2701.6463989471954	44.73815696826738	1568.229768057709	85.95272491520505
2	cryo	pos to zero	0.143	858	2700.452874415425	44.265725483312806	1567.6296473875198	86.0465697414733
2	cryo	pos to zero	0.143	859	2702.550511927295	44.085669304826496	1567.3780793901647	85.46699857185645
2	cryo	pos to zero	0.0	860	2700.0556950953865	44.76327891602573	1569.2984002793678	86.70732537765532
2	cryo	pos to zero	0.0	861	2700.166930610508	44.36768682741374	1567.5913175630462	86.33145623872736
2	cryo	pos to zero	0.0	862	2699.336558243589	45.00041288044261	1565.7184157228273	86.44681884906912
2	cryo	pos to zero	0.0	863	2698.3006153434553	45.31311508766298	1568.9953359545946	87.19378556049595
2	cryo	pos to zero	0.0	864	2698.5056735819294	44.566757147802534	1564.0873895022764	86.27128584143578
2	cryo	neg to pos	-4.02	700	2679.071400075406	41.874309746447516	1556.6867355809218	88.0625276017555
2	cryo	neg to pos	-4.02	701	2675.3452839114198	41.60876990685039	1557.0933378600912	89.31028976556607
2	cryo	neg to pos	-4.02	702	2674.866586843926	42.0000979130545	1558.426298304884	89.89481285128747
2	cryo	neg to pos	-4.02	703	2678.585456627482	41.26710136603889	1555.9752951189728	87.93696877738165
2	cryo	neg to pos	-4.02	704	2673.006556730955	41.84212623441945	1561.1717066654667	91.66727079693172
2	cryo	neg to pos	-3.002	705	2677.7400904793767	42.09293150192312	1558.608292815698	89.38501265451151
2	cryo	neg to pos	-3.002	706	2679.1835015054494	41.98933256515573	1561.8752586821686	89.17883358141154
2	cryo	neg to pos	-3.002	707	2680.9759001727452	42.86612455275909	1559.5296123047506	88.75560663565001
2	cryo	neg to pos	-3.002	708	2672.8974633707767	41.34400127026418	1562.7439969291524	92.47128928973954
2	cryo	neg to pos	-3.002	709	2676.315578903711	41.97796655571236	1560.6630355988289	90.3225795210095
2	cryo	neg to pos	-1.888	710	2682.6540483904205	42.51371558732133	1562.7828789471512	89.14541459154425
2	cryo	neg to pos	-1.888	711	2673.8418295125743	41.87888160102312	1559.8463368981231	92.32564030523888
2	cryo	neg to pos	-1.888	712	2680.4927980802936	42.24344517719253	1561.9166933750173	89.4964814675977
2	cryo	neg to pos	-1.888	713	2685.1039100859543	42.498936904303804	1561.6027600274	88.14418007617502
2	cryo	neg to pos	-1.888	714	2677.4050418226657	42.51451064787696	1563.826595721111	91.88635105499391
2	cryo	neg to pos	-1.003	715	2688.613675052954	42.91473067575716	1559.7790588568935	87.6177111965177
2	cryo	neg to pos	-1.003	716	2691.646401920111	42.443701431772965	1561.054418973212	86.83988664627067
2	cryo	neg to pos	-1.003	717	2685.6932342609502	42.95172298924209	1561.8716278087884	88.69561094344037
2	cryo	neg to pos	-1.003	718	2682.406723091762	42.45752665006465	1562.2809738276198	89.64337717225756
2	cryo	neg to pos	-1.003	719	2686.787852134285	42.93696611158739	1564.0615503077859	88.69077470825646
2	cryo	neg to pos	-0.679	720	2686.05717223315	43.17134279670503	1563.0132748338842	89.35562461218242
2	cryo	neg to pos	-0.679	721	2683.5135839926747	42.95950684690392	1563.0923928870955	90.44316944895769
2	cryo	neg to pos	-0.679	722	2683.6519589484415	42.80724894069458	1561.1972084954948	89.13454275378471
2	cryo	neg to pos	-0.679	723	2687.2063499336377	42.70761437660414	1561.1901238822106	88.4109930384395
2	cryo	neg to pos	-0.679	724	2688.5574086933716	42.790708449084875	1562.1099900344288	87.96513754877051
2	cryo	neg to pos	-0.411	725	2684.9183598739255	42.52947923877391	1563.9405861283528	89.9550563278957
2	cryo	neg to pos	-0.411	726	2684.700570441824	42.855606561573836	1562.672213399723	89.5148970010931
2	cryo	neg to pos	-0.411	727	2678.1125280404003	42.40536649528304	1564.9877754159475	92.9650810923771
2	cryo	neg to pos	-0.411	728	2683.1598958626964	43.04937897577424	1561.4641256315438	90.66053347029323
2	cryo	neg to pos	-0.411	729	2690.883353823898	43.75849874237933	1560.7130507352342	87.7881545658746
2	cryo	neg to pos	-0.167	730	2694.709799559902	43.09983351734486	1561.7089548470697	86.92838776841796
2	cryo	neg to pos	-0.167	731	2683.13018638123	43.00982899755574	1563.5935530914817	90.98520612264393
2	cryo	neg to pos	-0.167	732	2691.2970031147697	43.54415114585392	1561.9977039611438	88.31189931389996
2	cryo	neg to pos	-0.167	733	2688.8164509145513	43.09610269933086	1560.5071311570266	88.5435678302978
2	cryo	neg to pos	-0.167	734	2691.93522438843	43.527298861447676	1562.3243259611668	87.75809053457567
2	cryo	neg to pos	0.0	735	2696.9325159446335	42.83721247529633	1560.0189114061209	86.39039029950374
2	cryo	neg to pos	0.0	736	2689.960977019377	43.149511200438404	1563.728539091195	88.44826455715437
2	cryo	neg to pos	0.0	737	2686.278891210063	43.687353292332375	1563.78554040606	89.59567413351854
2	cryo	neg to pos	0.0	738	2689.8268216784554	43.43365360945774	1559.7370988414682	87.99400182359274
2	cryo	neg to pos	0.0	739	2687.7496362957213	43.13366472578758	1564.6384116233157	89.51372966725528
2	cryo	neg to pos	0.071	740	2682.558886620726	42.85505324696797	1563.4480522767967	90.6735966864977
2	cryo	neg to pos	0.071	741	2687.825195146906	43.06445595226428	1563.648672189335	89.11363306621381
2	cryo	neg to pos	0.071	742	2690.963925987231	43.6889291549669	1563.5361596671123	88.03163914322631
2	cryo	neg to pos	0.071	743	2687.8965374998497	43.19201638175562	1561.8879498571682	88.69625744189857
2	cryo	neg to pos	0.071	744	2684.456964056031	42.88656417705424	1564.0761344774662	90.22582806559645
2	cryo	neg to pos	0.271	745	2682.3229312116514	42.4558859690494	1563.2934699178816	89.72641006721925
2	cryo	neg to pos	0.271	746	2681.870810723936	42.97001639129888	1566.7467092565696	92.26999149391779
2	cryo	neg to pos	0.271	747	2689.0670637675034	43.28039283827855	1562.6837633163327	88.43935781394535
2	cryo	neg to pos	0.271	748	2684.7183644038023	44.16847394683369	1563.8777616629914	90.93109744049762
2	cryo	neg to pos	0.271	749	2691.9265338394216	43.23919374492126	1564.2441619960764	87.55154061189712
2	cryo	neg to pos	0.502	750	2684.8280114630174	43.51233650469844	1564.4429761350307	90.99973311473543
2	cryo	neg to pos	0.502	751	2686.954241591716	43.122819593896985	1562.4551110882649	89.36330193248106
2	cryo	neg to pos	0.502	752	2690.3095086569706	43.30523319542954	1564.0048992285233	88.2152008817275
2	cryo	neg to pos	0.502	753	2686.1190487697745	43.6714857255228	1564.7224155246208	90.22319079847841
2	cryo	neg to pos	0.502	754	2692.8329416891243	43.10030887729062	1561.8454949862692	87.3448192585393
2	cryo	neg to pos	0.791	755	2684.1969099494354	43.92570982677476	1564.7569772715706	91.14750083251518
2	cryo	neg to pos	0.791	756	2682.7936674306275	43.51609737303151	1566.1179885316647	92.38525806419281
2	cryo	neg to pos	0.791	757	2685.1476370380824	43.193703101271986	1565.7081529924824	90.53442696437251
2	cryo	neg to pos	0.791	758	2681.4676081892817	42.83575184131514	1567.6240456858416	92.69265181199037
2	cryo	neg to pos	0.791	759	2678.2547318884044	42.450091047472014	1566.7656199986784	93.72075291628855
2	cryo	neg to pos	1.041	760	2688.2572955701735	43.878250490706115	1565.7082449208622	89.68770134536994
2	cryo	neg to pos	1.041	761	2691.75371165955	43.60496190071149	1563.1071207069328	88.39033972047
2	cryo	neg to pos	1.041	762	2690.1824291516527	43.568536803357574	1564.299598126989	88.93046551800164
2	cryo	neg to pos	1.041	763	2685.096307083476	44.321219420570074	1564.761991529145	91.37963679827648
2	cryo	neg to pos	1.041	764	2690.699609409358	43.52709053693244	1564.616371176783	88.92883815291609
2	cryo	neg to pos	1.169	765	2685.752544508497	43.072524211027584	1567.4458118162688	90.8352145871977
2	cryo	neg to pos	1.169	766	2685.586382686552	43.476827869393716	1564.704545483458	90.53670819121588
2	cryo	neg to pos	1.169	767	2690.734836270015	43.695263676340716	1564.0816085243475	88.44962944706084
2	cryo	neg to pos	1.169	768	2688.894572771173	43.81507952632868	1566.2940115281463	90.03954882866412
2	cryo	neg to pos	1.169	769	2688.1318476821034	43.263783648372225	1566.187351658558	90.0559654518087
2	cryo	neg to pos	1.376	770	2689.7613560595355	44.07243983099911	1563.244974875554	88.9895853099108
2	cryo	neg to pos	1.376	771	2679.208163108393	42.951937467323525	1566.2105515384626	92.66751988178511
2	cryo	neg to pos	1.376	772	2681.240840590833	43.54819131314079	1566.7618661447862	93.6140155924701
2	cryo	neg to pos	1.376	773	2692.1542903192517	43.9009466395931	1563.846745497214	88.0108076021418
2	cryo	neg to pos	1.376	774	2683.481482905861	42.903399376527936	1566.8373098363868	91.37849966668585
2	cryo	neg to pos	1.791	775	2693.6007008683814	43.77449313365648	1568.6300468863526	88.73175072872998
2	cryo	neg to pos	1.791	776	2690.5331470336914	44.0239498950901	1566.9812363621695	89.68565145114874
2	cryo	neg to pos	1.791	777	2695.608842914373	43.65341366396516	1562.6348197825866	87.4192110286078
2	cryo	neg to pos	1.791	778	2696.27935120504	43.852511505710396	1563.7801850998192	87.16778037451319
2	cryo	neg to pos	1.791	779	2688.7541256891604	44.28854926695843	1565.6215136019307	90.73235809603946
2	cryo	neg to pos	2.572	780	2696.365232617563	43.67472250051941	1563.0021770175917	87.94332182513801
2	cryo	neg to pos	2.572	781	2699.5447665258052	43.33023828839467	1564.0483257354026	87.1052442231435
2	cryo	neg to pos	2.572	782	2695.2591042109634	43.75044480220081	1565.6569872408588	88.68794805142761
2	cryo	neg to pos	2.572	783	2698.6578436889445	43.57336659275731	1563.186136587424	87.39430449496153
2	cryo	neg to pos	2.572	784	2693.314723653647	43.9661784655056	1564.235987881411	89.07399057364695
2	cryo	neg to pos	3.071	785	2703.14194141216	43.5893507506199	1564.337278101758	86.56877120322748
2	cryo	neg to pos	3.071	786	2698.214765457299	44.252240841128	1566.0455262176101	87.9874276182579
2	cryo	neg to pos	3.071	787	2703.0530200811695	43.468303539571004	1563.7362364185362	86.83257735847978
2	cryo	neg to pos	3.071	788	2696.656869572743	44.6464889143606	1566.568569266216	88.96770348070154
2	cryo	neg to pos	3.071	789	2702.804448180334	44.012808241072214	1566.1409890284526	87.36585318840108
2	cryo	neg to pos	3.561	790	2701.232281587648	43.905676788051345	1566.579856562054	87.85671785467427
2	cryo	neg to pos	3.561	791	2706.5271062494394	43.27356534484417	1563.1380144633529	86.82285720295769
2	cryo	neg to pos	3.561	792	2698.651790360082	44.31888806280243	1569.0698745080037	89.89068039018666
2	cryo	neg to pos	3.561	793	2703.3961113988144	44.08975017023874	1564.7597589775312	87.38973539364173
2	cryo	neg to pos	3.561	794	2702.4543424634626	44.44982070389119	1565.7105257767016	88.02077011264457
2	cryo	neg to pos	4.22	795	2710.0310670120125	42.74605874139936	1566.0909807842781	86.80758260757793
2	cryo	neg to pos	4.22	796	2701.085243832908	44.626005563303515	1568.324376873033	89.74460093620253
2	cryo	neg to pos	4.22	797	2712.4246581009484	41.868153256280635	1565.328520158043	86.4757202148682
2	cryo	neg to pos	4.22	798	2704.3705085379174	43.803187277883495	1565.553493883674	88.1515927861227
2	cryo	neg to pos	4.22	799	2705.490787086669	43.83438991777292	1568.3343974429106	88.36685599731457
2	cryo	neg to pos	4.637	800	2715.155187966546	41.2945575706612	1566.9871451730905	86.2489960609937
2	cryo	neg to pos	4.637	801	2709.357706981154	43.15465444455312	1565.982174053022	87.23320663494574
2	cryo	neg to pos	4.637	802	2715.8834656522954	40.75078418890551	1565.5208918395142	86.12738771173728
2	cryo	neg to pos	4.637	803	2714.491565646209	41.453319314180135	1564.1851938860584	86.75708501100505
2	cryo	neg to pos	4.637	804	2713.334223441589	41.65058749414004	1563.638360565376	86.59471422791569
2	cryo	neg to pos	4.819	805	2713.955884473483	42.912533911508845	1564.56034802815	86.80608152102614
2	cryo	neg to pos	4.819	806	2712.8402848447818	42.96725419821073	1565.7366400087785	86.96275180877859
2	cryo	neg to pos	4.819	807	2710.9821802429237	43.40085205263555	1563.8442510586644	86.92807927471853
2	cryo	neg to pos	4.819	808	2711.764972529945	43.07850210080888	1566.8504492502582	87.02088238599197
2	cryo	neg to pos	4.819	809	2707.5908077006793	44.614299647522564	1568.2902047671023	88.9400582485469
2	cryo	neg to pos	4.946	810	2711.7408928158093	43.32699318441907	1565.7126798948436	87.21596231060747
2	cryo	neg to pos	4.946	811	2713.9412630270867	42.365823822612946	1565.7828509122462	86.69301907523251
2	cryo	neg to pos	4.946	812	2716.3058335458973	41.76758497177676	1565.8166244701627	86.40169585833483
2	cryo	neg to pos	4.946	813	2711.313247452795	43.38226367536781	1565.3405566919353	87.22837056933373
2	cryo	neg to pos	4.946	814	2711.281371102169	43.366094508124206	1565.635376667929	87.12428580631685
2	cryo	neg to pos	5.213	815	2718.6642334847015	41.46144044930939	1567.8247852867892	86.09803401960492
2	cryo	neg to pos	5.213	816	2716.3391314528612	41.25648021013027	1563.6733795553473	86.72037985515854
2	cryo	neg to pos	5.213	817	2716.3967707198767	41.71832145890951	1565.7299801000977	86.32517281079663
2	cryo	neg to pos	5.213	818	2714.333584378555	43.190447223043584	1568.5799111744643	87.1474611421458
2	cryo	neg to pos	5.213	819	2719.3583103794963	40.824166710828806	1566.9170951968813	86.14674709003282